(999, 371) 1.3679592609405518 F (5, 5, 163)


(994, 417) 1.3536345958709717 F (3, 31, 191)


(962, 485) 1.0696709156036377 F (20, 16, 24)
(830, 593) 1.8174402713775635 F (28, 23, 84)
(872, 567) 1.4702672958374023 F (51, 0, 102)
(1009, 417) 1.3643028736114502 F (0, 32, 242)
(913, 371) 1.2695157527923584 F (39, 5, 83)
(869, 341) 6.250171661376953 F (51, 0, 102)
(742, 367) 1.3320858478546143 F (0, 59, 255)
(657, 406) 1.2541017532348633 F (0, 2, 196)
(742, 371) 1.2860524654388428 F (2, 47, 229)
(919, 410) 1.0245842933654785 F (7, 67, 158)
(569, 492) 25.276639938354492 F (0, 46, 249)
(568, 455) 1.7310879230499268 F (10, 50, 110)
(876, 577) 1.535639762878418 F (0, 18, 233)
(697, 523) 0.961162805557251 F (39, 6, 73)
(468, 668) 4.139776229858398 W (0, 95, 252)
(824, 495) 1.228194236755371 F (40, 22, 6)
(1003, 509) 1.3405888080596924 F (43, 4, 81)
(1046, 619) 2.017317295074463 F (41, 2, 128)
(1097, 413) 1.7386863231658936 F (0, 54, 255)
(1051, 432) 1.5765538215637207 F (38, 6, 70)
(999, 371) 1.3679592609405518 F (5, 5, 163)