(962, 485) 1.0696709156036377 F (20, 16, 24) 0
(830, 593) 1.8174402713775635 F (28, 23, 84) 0
(872, 567) 1.4702672958374023 F (51, 0, 102) 0
(1009, 417) 1.3643028736114502 F (0, 32, 242) 0
(913, 371) 1.2695157527923584 F (39, 5, 83) 0
(869, 341) 6.250171661376953 F (51, 0, 102) 0
(742, 367) 1.3320858478546143 F (0, 59, 255) 0
(657, 406) 1.2541017532348633 F (0, 2, 196) 0
(742, 371) 1.2860524654388428 F (2, 47, 229) 0
(919, 410) 1.0245842933654785 F (7, 67, 158) 0
(569, 492) 25.276639938354492 F (0, 46, 249) 0
(568, 455) 1.7310879230499268 F (10, 50, 110) 0
(876, 577) 1.535639762878418 F (0, 18, 233) 0
(697, 523) 0.961162805557251 F (39, 6, 73) 0
(468, 668) 4.139776229858398 W (0, 95, 252) 0
(824, 495) 1.228194236755371 F (40, 22, 6) 0
(1003, 509) 1.3405888080596924 F (43, 4, 81) 0
(1046, 619) 2.017317295074463 F (41, 2, 128) 0
(1097, 413) 1.7386863231658936 F (0, 54, 255) 0
(1046, 432) 1.4676859378814697 F (48, 0, 106) 0
(781, 393) 1.2747843265533447 W (75, 87, 99) 0
(950, 411) 1.1945204734802246 W (60, 75, 85) 0
(742, 416) 1.1108472347259521 F (3, 31, 209) 0
(781, 344) 1.4885661602020264 F (33, 0, 144) 0 
(871, 401) 1.4398729801177979 W (133, 81, 42) 0
